
power = 2012.01349941364
throughput = 9845.18
composite = 4450.68927966862
